image_id,dice,iou,hd95,iou_pred,drift,drift_enc
benign_benign (1),0.8528132454254507,0.7433953033895804,4.0,0.3839276134967804,0.5964067876338959,0.0002390742301940918
benign_benign (10),0.9588114285716639,0.9208816297866078,0.0,0.49944034218788147,0.15918803215026855,8.994340896606445e-05
benign_benign (100),0.39820034534206467,0.2485955994482689,520.5941162109375,0.48809993267059326,0.40853357315063477,0.0002643465995788574
benign_benign (101),0.8867994723885819,0.7966214984628656,5.0,0.4705987572669983,0.22213608026504517,0.00019240379333496094
benign_benign (102),0.7894096360479927,0.6520865022200637,360.0,0.45452049374580383,0.36335933208465576,1.4781951904296875e-05
benign_benign (103),0.9488853582247286,0.9027420230989447,1.0,0.4980667531490326,0.1087765097618103,0.00017333030700683594
benign_benign (104),0.6389786816302231,0.4694846972840187,787.1090698242188,0.4517976641654968,0.6980860233306885,9.894371032714844e-05
benign_benign (105),0.928436588297911,0.8664317745106539,2.0,0.5031636357307434,0.2734379172325134,8.291006088256836e-05
benign_benign (106),0.7919083321586826,0.6555035128920875,411.57855224609375,0.48034417629241943,0.46245598793029785,6.67572021484375e-06
benign_benign (107),0.9004155061435456,0.8188688647197546,5.099019527435303,0.4601217806339264,0.3155190944671631,3.641843795776367e-05
benign_benign (108),0.6070161608240525,0.4357668364545838,456.4443054199219,0.5217363834381104,0.3911125659942627,0.00014513731002807617
benign_benign (109),0.9376955929460545,0.8826995225851273,2.2360680103302,0.5178101062774658,0.16787856817245483,9.584426879882812e-05
benign_benign (11),0.8770721205729739,0.781058282250564,3.0,0.4354066550731659,0.6437004208564758,0.0003598332405090332
benign_benign (110),0.8489144143034913,0.7374902655831924,399.0,0.5052922368049622,0.24840503931045532,3.6776065826416016e-05
benign_benign (111),0.8657275738660378,0.76324483777208,7.0,0.5069617033004761,0.4169059991836548,0.00016540288925170898
benign_benign (112),0.5457811809881967,0.3753088420197129,450.86871337890625,0.45637020468711853,0.749600350856781,4.458427429199219e-05
benign_benign (113),0.9428993480039871,0.8919674263987865,1.0,0.5078874826431274,0.22076135873794556,7.092952728271484e-06
benign_benign (114),0.829142118121954,0.7081492390815515,21.095022201538086,0.3942270576953888,0.20815682411193848,0.00014322996139526367
benign_benign (115),0.9180647916564558,0.8485395285976914,3.0,0.5068827867507935,0.3291059732437134,0.0025463104248046875
benign_benign (116),0.1507971745779956,0.08154712534088666,717.0,0.5223620533943176,0.8521421551704407,0.00028830766677856445
benign_benign (117),0.9095593388039581,0.8341208936667251,4.4721360206604,0.4943806231021881,0.24326962232589722,3.4570693969726562e-06
benign_benign (118),0.8723315194677737,0.7735708983037084,7.6157732009887695,0.45573270320892334,0.4565091133117676,1.5437602996826172e-05
benign_benign (119),0.5090575556252749,0.34143340513988346,439.8380432128906,0.5213537812232971,0.5616801083087921,0.00017899274826049805
benign_benign (12),0.8141659744911148,0.6865766684046642,7.280109882354736,0.4797235429286957,0.5237428545951843,2.5272369384765625e-05
benign_benign (120),2.6130810838377517e-11,2.6130810838377517e-11,713.2616577148438,0.4697476625442505,0.8461675345897675,3.874301910400391e-06
benign_benign (121),0.7879451766703944,0.6500903766951039,372.5479736328125,0.46876755356788635,0.3948982357978821,1.430511474609375e-05
benign_benign (122),0.8819152589510897,0.7887731820105081,8.5440034866333,0.5491722226142883,0.2647678852081299,0.00016367435455322266
benign_benign (123),0.8926983100194655,0.8061924930654858,9.219544410705566,0.5039764046669006,0.18246781826019287,4.3332576751708984e-05
benign_benign (124),0.8965351299353936,0.812472743140356,4.4721360206604,0.43757715821266174,0.38457441329956055,6.002187728881836e-05
benign_benign (125),0.840238661499552,0.7244927327871282,11.0,0.4995194375514984,0.5595284402370453,4.583597183227539e-05
benign_benign (126),0.866101098562645,0.7638256792329454,6.082762718200684,0.49678701162338257,0.45432591438293457,0.0001417994499206543
benign_benign (127),0.7272516410426727,0.5714025368285682,378.0,0.45899826288223267,0.5160357058048248,6.335973739624023e-05
benign_benign (128),0.5567386316929086,0.3857503872344298,431.0,0.46724840998649597,0.5783039927482605,9.41157341003418e-05
benign_benign (129),0.7042804773930079,0.5435439268434995,424.01177978515625,0.4854274094104767,0.535297155380249,0.00014591217041015625
benign_benign (13),0.950667881529916,0.9059742523809443,0.0,0.5227595567703247,0.137812077999115,6.198883056640625e-06
benign_benign (130),0.8078044311191084,0.6775771125199105,418.3037109375,0.4849080443382263,0.3874626159667969,8.374452590942383e-05
benign_benign (131),0.8498907592953736,0.7389652471405078,18.384777069091797,0.4976389706134796,0.1623690128326416,0.0008574724197387695
benign_benign (132),0.8523863555802357,0.7427467943845899,388.0,0.5058566927909851,0.44839316606521606,6.496906280517578e-05
benign_benign (133),0.8122550766053761,0.6838632273861365,8.0,0.4487517178058624,0.44522154331207275,0.00021320581436157227
benign_benign (134),0.688914339888278,0.5254533405912734,452.0,0.5141196846961975,0.5568852722644806,0.00026029348373413086
benign_benign (135),0.594533140608492,0.4230146990981091,437.4797058105469,0.5187353491783142,0.6131070256233215,0.00025647878646850586
benign_benign (136),0.857891919346384,0.7511477537737388,395.0521240234375,0.5028344392776489,0.309048593044281,0.00018066167831420898
benign_benign (137),0.8094255847355374,0.6798613966241933,392.0797424316406,0.534060001373291,0.5709169805049896,4.172325134277344e-05
benign_benign (138),0.8538629319419283,0.7449919872305705,5.0,0.46744504570961,0.693490743637085,0.0001417994499206543
benign_benign (139),0.9104701698943335,0.8356541920544645,6.0,0.5117478966712952,0.3086749315261841,0.00012290477752685547
benign_benign (14),0.8019341503099833,0.6693573233304975,12.727922439575195,0.42482689023017883,0.31490612030029297,1.4066696166992188e-05
benign_benign (140),0.9503096622591647,0.9053238160738679,0.0,0.5133785009384155,0.07749497890472412,0.00019419193267822266
benign_benign (141),0.8513392544537555,0.7411581337265486,38.07886505126953,0.5017502307891846,0.15707623958587646,9.608268737792969e-05
benign_benign (142),0.8887640449495013,0.7997977755492419,4.0,0.517956018447876,0.6047047972679138,0.00016707181930541992
benign_benign (143),0.8909548712094756,0.8033531261258552,3.0,0.37474068999290466,0.6127547323703766,0.00011831521987915039
benign_benign (144),0.08623176794081641,0.04505862649765298,739.1971435546875,0.49771520495414734,0.8581350594758987,4.756450653076172e-05
benign_benign (145),0.8980107357147139,0.8148997134758883,5.0,0.4059523046016693,0.28871726989746094,0.00018537044525146484
benign_benign (146),0.3104327728018478,0.18373508188198806,463.05859375,0.4742501676082611,0.7960684299468994,0.0006199479103088379
benign_benign (147),0.4577356693098572,0.2967945638239826,431.0,0.5144638419151306,0.6958903968334198,5.614757537841797e-05
benign_benign (148),0.921427801143951,0.8543033114730783,4.0,0.49275916814804077,0.20041698217391968,4.1425228118896484e-05
benign_benign (149),0.8233464119074205,0.6997356063355878,399.0,0.4853353202342987,0.25093400478363037,0.0003129243850708008
benign_benign (15),0.6713949940344153,0.5053382992237531,212.0,0.5183387994766235,0.681884378194809,4.26173210144043e-05
benign_benign (150),0.8877284595422401,0.7981220657671905,3.0,0.49396583437919617,0.4080222249031067,3.6954879760742188e-06
benign_benign (151),0.8589767100764731,0.7528126004765013,5.0,0.3606318533420563,0.4528055787086487,0.00016373395919799805
benign_benign (152),0.9347284440735731,0.8774555547584625,3.605551242828369,0.551598072052002,0.07895129919052124,0.00016486644744873047
benign_benign (153),0.8651666384820532,0.762373285664524,4.4721360206604,0.35171133279800415,0.5430701673030853,0.0001659393310546875
benign_benign (154),0.8601767576929048,0.7546580257198637,5.385164737701416,0.44244667887687683,0.4976363182067871,8.744001388549805e-05
benign_benign (155),0.9715042693200352,0.9445875567008415,0.0,0.5250552892684937,0.1237952709197998,0.00015026330947875977
benign_benign (156),0.9064405691690799,0.8288900846339143,4.123105525970459,0.5078081488609314,0.24109184741973877,0.00013524293899536133
benign_benign (157),0.9104315446374917,0.8355891180204165,6.324555397033691,0.5150748491287231,0.3099883198738098,9.912252426147461e-05
benign_benign (158),0.8618673132451886,0.7572643535117409,392.00128173828125,0.49410825967788696,0.23637759685516357,2.5510787963867188e-05
benign_benign (159),0.9213327163395805,0.8541398541554976,2.0,0.4337408244609833,0.42115771770477295,0.00015473365783691406
benign_benign (16),0.8348161513199268,0.7164673216876903,7.0,0.3822525441646576,0.42466551065444946,9.614229202270508e-05
benign_benign (160),0.5825685248049717,0.41100295500560563,434.9854736328125,0.48904362320899963,0.7245614528656006,9.959936141967773e-05
benign_benign (161),0.8814832965824764,0.7880823718571577,7.071067810058594,0.5161142945289612,0.3599597215652466,2.86102294921875e-05
benign_benign (162),0.6423487544773254,0.47313237227771565,35.504207611083984,0.47255849838256836,0.8545429408550262,0.0001499652862548828
benign_benign (163),0.1800094056509784,0.09890677799445624,473.71405029296875,0.5124132037162781,0.367963969707489,0.00011372566223144531
benign_benign (164),0.6732715619929904,0.5074674987788602,511.7347717285156,0.4480789303779602,0.4090381860733032,0.00010079145431518555
benign_benign (165),0.8702035368810307,0.7702303603410765,5.099019527435303,0.4944176971912384,0.4652494788169861,6.103515625e-05
benign_benign (166),0.9195628042046127,0.851102505346471,2.2360680103302,0.45421069860458374,0.4150314927101135,0.0001017451286315918
benign_benign (167),0.8504346863142791,0.7397880539749723,6.324555397033691,0.3798448145389557,0.4347264766693115,0.0001481771469116211
benign_benign (168),0.9703215085471794,0.9423538673500816,0.0,0.4956935942173004,0.15018773078918457,9.161233901977539e-05
benign_benign (169),0.41033700020035196,0.25812829529557735,475.0,0.4976032078266144,0.7412965297698975,9.173154830932617e-05
benign_benign (17),0.9031899992096839,0.8234698795265798,3.605551242828369,0.3948631286621094,0.46070998907089233,5.4955482482910156e-05
benign_benign (170),0.7919161181507631,0.6555141824600877,406.6756286621094,0.48682597279548645,0.3553333282470703,6.580352783203125e-05
benign_benign (171),0.8553178546228006,0.7472099203282179,5.099019527435303,0.4753558039665222,0.5127703249454498,6.628036499023438e-05
benign_benign (172),0.7594390507059049,0.6121739130557415,394.1221008300781,0.5072302222251892,0.4932127594947815,0.00016063451766967773
benign_benign (173),0.3580773378937559,0.21808416812769205,697.000732421875,0.46569857001304626,0.762747123837471,5.40614128112793e-05
benign_benign (174),0.9422784229513256,0.8908567655215117,2.0,0.49624958634376526,0.11265504360198975,0.00010943412780761719
benign_benign (175),0.9334388618559981,0.875185517711212,2.2360680103302,0.5087255239486694,0.14960581064224243,0.0010728836059570312
benign_benign (176),0.8249490795962896,0.7020538985019588,9.848857879638672,0.4418191611766815,0.5428352952003479,0.00020235776901245117
benign_benign (177),0.4370361978293481,0.2796201660222674,466.2030334472656,0.48179885745048523,0.790948361158371,0.0001354217529296875
benign_benign (178),0.9601883476475764,0.9234252621383853,0.0,0.5157521963119507,0.12233614921569824,0.00010985136032104492
benign_benign (179),0.2652705061315161,0.15291750506117002,765.1737060546875,0.4466511309146881,0.836400032043457,0.00013822317123413086
benign_benign (18),0.9492254084509647,0.9033577858519272,1.0,0.5437146425247192,0.08970731496810913,0.0001633167266845703
benign_benign (180),0.9468095643743575,0.8989917989655033,1.0,0.4210848808288574,0.2463991641998291,6.467103958129883e-05
benign_benign (181),0.9310129375824376,0.8709300330330002,3.0,0.47896260023117065,0.10504269599914551,1.913309097290039e-05
benign_benign (182),0.8863320268096965,0.795867393294288,5.0,0.48056140542030334,0.5508121252059937,6.496906280517578e-05
benign_benign (183),0.7836600298511261,0.644277133944313,18.0,0.474644273519516,0.4870743751525879,2.7239322662353516e-05
benign_benign (184),0.7677787962121363,0.6230852008171309,427.0,0.5023254156112671,0.29973727464675903,4.500150680541992e-05
benign_benign (185),0.8956580732770923,0.8110332964969857,3.0,0.46518227458000183,0.582319438457489,7.277727127075195e-05
benign_benign (186),0.9559331888246368,0.9155862235952353,0.0,0.4846481680870056,0.1070510745048523,0.0001308917999267578
benign_benign (187),0.7687569849802867,0.6243746974493959,370.0,0.4813971221446991,0.6011994779109955,0.00011688470840454102
benign_benign (188),0.9423261354991093,0.890942063642557,3.0,0.47728392481803894,0.07074832916259766,1.4901161193847656e-06
benign_benign (189),0.87459807074616,0.7771428571637337,5.385164737701416,0.5093560218811035,0.6282275021076202,0.00020170211791992188
benign_benign (19),0.9225246784402708,0.8561910050238403,1.4142135381698608,0.5010242462158203,0.42472314834594727,1.2993812561035156e-05
benign_benign (190),0.9309582655176575,0.8708343514475609,4.0,0.5154125094413757,0.08667898178100586,1.4185905456542969e-05
benign_benign (191),0.8122148350993281,0.6838061790219061,16.6433162689209,0.44096559286117554,0.5561679601669312,0.00038999319076538086
benign_benign (192),0.9420366540006407,0.8904246612745772,1.0,0.5054288506507874,0.26398807764053345,3.635883331298828e-05
benign_benign (193),0.9149034038677597,0.8431538787754851,2.8284270763397217,0.5044931769371033,0.29325246810913086,0.00021338462829589844
benign_benign (194),0.9167593594307889,0.8463118213062986,4.0,0.36001095175743103,0.2663850784301758,0.0002913475036621094
benign_benign (195),0.9040882596463882,0.8249644805838954,11.0,0.46716398000717163,0.09699070453643799,1.0669231414794922e-05
benign_benign (196),0.385164093891778,0.23851593368746987,736.852783203125,0.4648595154285431,0.7090184092521667,0.005090594291687012
benign_benign (197),0.8362212660450354,0.7185397375445647,10.049875259399414,0.5018512606620789,0.38731634616851807,0.00026792287826538086
benign_benign (198),0.9575084082573537,0.9184807012756635,0.0,0.4598805606365204,0.16480886936187744,0.0003415346145629883
benign_benign (199),0.8632685380161632,0.7594304960208235,13.152946472167969,0.4758100211620331,0.17657685279846191,5.97834587097168e-05
benign_benign (2),0.9542620378943338,0.9125250038489889,0.0,0.5596029162406921,0.1652398705482483,0.0001963973045349121
benign_benign (20),0.8793732512604435,0.7847155640822804,10.770329475402832,0.508256733417511,0.33332914113998413,0.00015652179718017578
benign_benign (200),0.8586437204918594,0.7523012190923923,384.0440368652344,0.5246173739433289,0.2633097767829895,0.00018197298049926758
benign_benign (201),0.7520607934094529,0.6026421715449829,23.0,0.43206241726875305,0.3094555139541626,0.0005429387092590332
benign_benign (202),0.38702469184063815,0.23994458558116166,752.0,0.39069172739982605,0.7630064487457275,6.949901580810547e-05
benign_benign (203),0.792694357619616,0.656581340958572,397.0,0.4698880910873413,0.3419152498245239,0.0003122091293334961
benign_benign (204),0.7345018158871427,0.580405270518312,378.5287170410156,0.4287561774253845,0.4435091018676758,5.0067901611328125e-05
benign_benign (205),0.8033140864673965,0.6712823117444188,43.13930892944336,0.5011144876480103,0.17608296871185303,0.00032770633697509766
benign_benign (206),0.6882546443337428,0.5246861682149323,377.5844421386719,0.4698432683944702,0.3661380410194397,4.2319297790527344e-05
benign_benign (207),0.8166895516080299,0.6901735319916551,26.4007568359375,0.51414954662323,0.19336187839508057,4.869699478149414e-05
benign_benign (208),0.8012388104110458,0.6683890147460088,404.0,0.5214750170707703,0.5517356097698212,9.59634780883789e-05
benign_benign (209),0.6994593509386148,0.5378219830730014,422.0,0.4814319908618927,0.5436413586139679,5.334615707397461e-05
benign_benign (21),0.8894321436132268,0.8008805031697006,4.0,0.4610825479030609,0.50620236992836,0.00014400482177734375
benign_benign (210),0.5265866970408777,0.35739238677162916,52.239830017089844,0.5049717426300049,0.2216174602508545,0.00011932849884033203
benign_benign (211),0.7874212027567071,0.6493773473156996,397.0,0.44728031754493713,0.47894996404647827,0.00012123584747314453
benign_benign (212),0.7110229983656444,0.5516180641440505,435.0,0.5267386436462402,0.41661953926086426,5.6743621826171875e-05
benign_benign (213),0.9006847047306782,0.8193142664429243,6.0,0.5102242231369019,0.27269822359085083,3.2007694244384766e-05
benign_benign (214),0.7737221833254153,0.6309517898859175,435.0,0.5242819786071777,0.2782949209213257,0.0006453394889831543
benign_benign (215),0.8641669760371207,0.7608221964061294,9.433980941772461,0.5083758234977722,0.4420139193534851,0.00045168399810791016
benign_benign (216),0.8476820176123119,0.7356320308894945,402.378662109375,0.443818062543869,0.23681855201721191,0.0006111860275268555
benign_benign (217),0.7641967288302306,0.6183805680565087,375.9400329589844,0.47909030318260193,0.4306785464286804,7.671117782592773e-05
benign_benign (218),0.7784895175189511,0.6373170993498615,371.7472229003906,0.5223255753517151,0.24151086807250977,5.40614128112793e-05
benign_benign (219),0.7440985424638764,0.5924816298340383,403.0,0.517419695854187,0.30483752489089966,1.9073486328125e-05
benign_benign (22),0.9284753918557082,0.866499364363511,3.1622776985168457,0.48116055130958557,0.12082469463348389,0.00025832653045654297
benign_benign (220),0.8160544071996352,0.6892668144264945,24.166091918945312,0.5101847052574158,0.28848373889923096,3.3736228942871094e-05
benign_benign (221),0.8112994350394708,0.6825095057351902,9.486832618713379,0.4661502540111542,0.4433790445327759,0.00016689300537109375
benign_benign (222),0.8883640207236,0.7991501150443924,8.602325439453125,0.4859619438648224,0.21597909927368164,0.0002792477607727051
benign_benign (223),0.4635692011996785,0.30171824306662426,446.0,0.45285239815711975,0.5979403555393219,4.500150680541992e-05
benign_benign (224),0.8901614101753137,0.8020638481463187,16.124515533447266,0.5204986929893494,0.19847923517227173,0.00036579370498657227
benign_benign (225),0.6759885481963821,0.5105609526870799,415.0,0.5489261746406555,0.5165387690067291,6.61015510559082e-05
benign_benign (226),0.7970753854801575,0.6626145777250474,23.323806762695312,0.48935678601264954,0.2597377896308899,0.0001277327537536621
benign_benign (227),0.8568437581811634,0.7495421245503159,10.0,0.5243467092514038,0.27058863639831543,4.851818084716797e-05
benign_benign (228),0.7533688409097262,0.6043237692385175,53.851646423339844,0.43031343817710876,0.2514474391937256,0.0002403855323791504
benign_benign (229),0.8983265388082519,0.8154199683072041,7.1268630027771,0.4763394296169281,0.17101389169692993,6.282329559326172e-05
benign_benign (23),0.9423448341645921,0.8909754942874636,1.0,0.49209341406822205,0.1852283477783203,0.00013530254364013672
benign_benign (230),0.7472981879599193,0.5965491394528708,436.0,0.4641745388507843,0.4863200783729553,6.99758529663086e-05
benign_benign (231),0.8619055401221886,0.7573233773731999,25.238859176635742,0.5357291102409363,0.23752611875534058,0.0001201629638671875
benign_benign (232),0.8099466475897431,0.6805969210967081,32.31098937988281,0.5064157843589783,0.14945662021636963,3.266334533691406e-05
benign_benign (233),0.8045331544159635,0.6729865887865377,32.98484420776367,0.5208005309104919,0.11854779720306396,9.685754776000977e-05
benign_benign (234),0.8234230355227004,0.6998463002287207,397.04534912109375,0.5105865001678467,0.2840704321861267,4.023313522338867e-05
benign_benign (235),0.863019308465634,0.7590448236218102,13.892443656921387,0.4750951826572418,0.19105017185211182,0.00011247396469116211
benign_benign (236),0.903700904514978,0.8243196662635652,11.401754379272461,0.5051789283752441,0.11511832475662231,7.18832015991211e-05
benign_benign (237),0.8405273229861763,0.7249220612532099,32.015621185302734,0.49627238512039185,0.17973428964614868,6.341934204101562e-05
benign_benign (238),0.9423906508741475,0.8910574132628818,1.4142135381698608,0.5186473727226257,0.13383197784423828,0.00040328502655029297
benign_benign (239),0.6229946524128789,0.4524271844796508,410.0,0.4529359042644501,0.4505411386489868,0.0002720355987548828
benign_benign (24),0.9498172617385948,0.9044304644668527,1.0,0.4931211769580841,0.2379276156425476,0.0010882019996643066
benign_benign (240),0.8584118057875999,0.7519452374688966,24.083189010620117,0.5458575487136841,0.13282722234725952,0.00015783309936523438
benign_benign (241),0.5981120107488667,0.4266475034661275,436.1513366699219,0.5043450593948364,0.5401525497436523,7.450580596923828e-05
benign_benign (242),0.860575927077791,0.755272727275598,20.2237491607666,0.5124009847640991,0.1783471703529358,0.0008029341697692871
benign_benign (243),0.9265518629679079,0.8631547542951613,4.0,0.5270707011222839,0.15929991006851196,0.00023120641708374023
benign_benign (244),0.6298103160358232,0.4596519178444094,435.0,0.5081372261047363,0.5443757772445679,8.422136306762695e-05
benign_benign (245),0.575654809156944,0.4041540020414348,443.4103698730469,0.5009163618087769,0.5560007095336914,0.0002167224884033203
benign_benign (246),0.8447238558882766,0.7311878291713063,6.324555397033691,0.44789919257164,0.5177209973335266,0.0012369155883789062
benign_benign (247),0.5783664459246539,0.4068322981535463,428.2784118652344,0.5166312456130981,0.6743369996547699,0.00015914440155029297
benign_benign (248),0.8585773352519375,0.7521993051118356,7.0,0.556297242641449,0.4706866145133972,0.00014775991439819336
benign_benign (249),0.7463811125420715,0.5953811960020072,383.2470703125,0.4956325888633728,0.45954716205596924,5.27501106262207e-05
benign_benign (25),0.8629334140029896,0.7589119446821687,5.0,0.3458818793296814,0.4473441243171692,0.00017023086547851562
benign_benign (250),0.8204876760929246,0.6956160266141522,15.132745742797852,0.5307908654212952,0.2700176239013672,5.21540641784668e-05
benign_benign (251),0.6549063617932436,0.48688533139993523,440.0,0.5078771710395813,0.5333652496337891,0.0004601478576660156
benign_benign (252),0.677067835460396,0.5117933130758445,461.56689453125,0.46589693427085876,0.5026911199092865,0.00019419193267822266
benign_benign (253),0.9043552292028579,0.8254091593456994,5.656854152679443,0.5172396898269653,0.2457316517829895,1.7821788787841797e-05
benign_benign (254),0.8881952327007004,0.7988769780842476,3.1622776985168457,0.38542798161506653,0.5994142591953278,0.00015687942504882812
benign_benign (255),0.9069869051755595,0.8298042443145046,8.0,0.4889428913593292,0.12971681356430054,0.0003285408020019531
benign_benign (256),0.8984397133358948,0.815606484922981,8.0,0.5035970211029053,0.1981106400489807,9.268522262573242e-05
benign_benign (257),0.4156978418991382,0.2623854545561835,451.0,0.4980415105819702,0.613213300704956,7.641315460205078e-05
benign_benign (258),0.67488418537421,0.5093020383073674,404.6022644042969,0.4583248198032379,0.4689878821372986,0.000959932804107666
benign_benign (259),0.9276039409987415,0.8649826090035312,3.0,0.48969584703445435,0.16996461153030396,0.0001837611198425293
benign_benign (26),0.9350286553583539,0.8779848021858487,4.0,0.4892748296260834,0.1292598843574524,0.00029587745666503906
benign_benign (260),0.7726671127981807,0.6295497504043336,438.209716796875,0.5189757943153381,0.28534412384033203,0.00014251470565795898
benign_benign (261),0.8813451198400568,0.7878615071297497,22.847318649291992,0.5065541863441467,0.2383052110671997,7.474422454833984e-05
benign_benign (262),0.8565551909014426,0.7491005985477173,22.022714614868164,0.5223718285560608,0.1958511471748352,4.4226646423339844e-05
benign_benign (263),0.7761517321703041,0.6341895090897505,40.607879638671875,0.5087103843688965,0.23978865146636963,0.00022804737091064453
benign_benign (264),0.8847628807173016,0.7933405958433823,13.0,0.490081250667572,0.178755521774292,6.777048110961914e-05
benign_benign (265),0.8171720838157586,0.6908630347971203,407.7618713378906,0.43818601965904236,0.2494911551475525,0.00015282630920410156
benign_benign (266),0.50382229116231,0.33673960532288555,656.0,0.4930424392223358,0.6385479271411896,9.483098983764648e-05
benign_benign (267),0.9208449482757747,0.8533018001503191,3.605551242828369,0.49519404768943787,0.22536128759384155,0.0005741119384765625
benign_benign (268),0.7893574315602317,0.6520152620926928,373.43060302734375,0.4581970274448395,0.4239729046821594,5.918741226196289e-05
benign_benign (269),0.5783430632179897,0.40680915927009353,450.28436279296875,0.4889785647392273,0.5763002336025238,0.00016003847122192383
benign_benign (27),0.9115953255005693,0.8375518287123243,3.0,0.3891756236553192,0.3474687933921814,0.00022476911544799805
benign_benign (270),0.8396444660935987,0.7236096537347461,25.008895874023438,0.4937742054462433,0.4620034694671631,0.00024127960205078125
benign_benign (271),0.810391759182718,0.6812257442250212,21.40093421936035,0.5075714588165283,0.27994412183761597,5.3763389587402344e-05
benign_benign (272),0.5531516949941362,0.38231492070317447,447.16998291015625,0.46199899911880493,0.29427045583724976,0.0003113746643066406
benign_benign (273),0.8031024401893161,0.6709867804540041,390.0,0.524020791053772,0.32502543926239014,0.00012677907943725586
benign_benign (274),0.8132239184715575,0.6852378735382704,382.89031982421875,0.485841304063797,0.2671489715576172,7.796287536621094e-05
benign_benign (275),0.7078756381523174,0.5478386284320338,418.0047912597656,0.4945073425769806,0.5529128611087799,0.00011837482452392578
benign_benign (276),0.811021318609852,0.6821159464886812,31.827661514282227,0.502703070640564,0.17146116495132446,5.2988529205322266e-05
benign_benign (277),0.9097356660822147,0.8344175240642281,7.8102498054504395,0.5115050673484802,0.1304362416267395,0.00018268823623657227
benign_benign (278),0.7950671402379939,0.6598435205755147,35.34119415283203,0.5033606886863708,0.23011648654937744,0.00027120113372802734
benign_benign (279),0.4913519517647085,0.3256902445496916,664.0701904296875,0.49195346236228943,0.6309789717197418,0.00017219781875610352
benign_benign (28),0.9325971357322616,0.8737067952070977,2.0,0.5024077892303467,0.19485360383987427,2.181529998779297e-05
benign_benign (280),0.9258683721229342,0.8619691926901712,3.1622776985168457,0.46818944811820984,0.15904879570007324,0.0003198981285095215
benign_benign (281),0.7676206297684238,0.6228768902769188,440.7515869140625,0.5003930926322937,0.2846403121948242,0.00019288063049316406
benign_benign (282),0.7641102955128468,0.618267384817376,366.0,0.49877485632896423,0.43462783098220825,4.309415817260742e-05
benign_benign (283),0.6554592107693193,0.4874967096829211,436.0,0.4498912990093231,0.4949989914894104,0.00014400482177734375
benign_benign (284),0.8598966883039418,0.7542269893300986,20.0,0.5227906703948975,0.295418381690979,4.011392593383789e-05
benign_benign (285),0.8515769944352751,0.7415185783556321,33.60059356689453,0.5191920399665833,0.2938796281814575,4.6253204345703125e-05
benign_benign (286),0.7878662587178951,0.649982944857021,407.0,0.4822218120098114,0.33464932441711426,0.00011819601058959961
benign_benign (287),0.8098060245205634,0.6803983562392282,31.14482307434082,0.5035186409950256,0.14252740144729614,0.0001557469367980957
benign_benign (288),0.6521515648218701,0.4838463641801747,428.18280029296875,0.5142567753791809,0.47547852993011475,0.0009153485298156738
benign_benign (289),0.7825736940635096,0.6428099099295543,402.88299560546875,0.5066312551498413,0.32238876819610596,0.00017142295837402344
benign_benign (29),0.2815562596978279,0.16384374601587223,445.0,0.4809195101261139,0.8212955743074417,4.8279762268066406e-05
benign_benign (290),0.8556518034654372,0.7477197989715969,99.64703369140625,0.46708598732948303,0.24815309047698975,0.0001804828643798828
benign_benign (291),0.832279211493824,0.7127381988050338,8.9442720413208,0.5104116201400757,0.5574713945388794,0.00011521577835083008
benign_benign (292),0.5941789543037456,0.4226561809768904,416.1454162597656,0.5372031331062317,0.49162179231643677,0.00011342763900756836
benign_benign (293),0.6971470633665704,0.5350926752895971,405.0,0.522172212600708,0.49549949169158936,7.677078247070312e-05
benign_benign (294),0.8099609661996028,0.6806171421243452,27.20294189453125,0.48481395840644836,0.1981770396232605,0.00022780895233154297
benign_benign (295),0.9013907033206271,0.8204834112061584,7.0,0.47805216908454895,0.19354426860809326,0.0003631711006164551
benign_benign (296),0.7589734917355129,0.6115691217573325,389.0,0.49458378553390503,0.3012833595275879,8.702278137207031e-05
benign_benign (297),0.7363902268697684,0.5827671188800985,416.0,0.5129486918449402,0.5291601121425629,8.89897346496582e-05
benign_benign (298),0.8847892163350972,0.7933829454457445,332.18218994140625,0.5754150152206421,0.43840885162353516,0.00014913082122802734
benign_benign (299),0.47884671640084425,0.3147918895287943,402.61328125,0.44956544041633606,0.38025957345962524,0.00012290477752685547
benign_benign (3),0.9087823647040546,0.8328149539669013,5.0,0.5167425274848938,0.3355720043182373,0.00018209218978881836
benign_benign (30),0.555486465208401,0.3845491591750976,430.0,0.45540887117385864,0.5686124265193939,0.0001226663589477539
benign_benign (300),0.9083525275795634,0.8320932815118259,8.558584213256836,0.5273798704147339,0.13893020153045654,0.000985562801361084
benign_benign (301),0.3738917504275145,0.22993041856735227,729.0,0.39874178171157837,0.7501592040061951,0.00012689828872680664
benign_benign (302),0.8426381000075741,0.7280679448849073,10.630146026611328,0.4748746454715729,0.5946781039237976,0.0027931928634643555
benign_benign (303),0.7073549532253508,0.547215150047956,388.2360534667969,0.47674986720085144,0.40870314836502075,0.0002459287643432617
benign_benign (304),0.8176644864662217,0.6915672219162433,36.878177642822266,0.4644794762134552,0.25733548402786255,0.00030422210693359375
benign_benign (305),0.6689105875350932,0.5025286665789763,435.0,0.4956046938896179,0.5561216175556183,0.00020998716354370117
benign_benign (306),0.7623705877579199,0.6159926228484611,31.14482307434082,0.37513265013694763,0.3178015351295471,0.00021159648895263672
benign_benign (307),0.638231217082919,0.4686781082784935,445.78582763671875,0.49272188544273376,0.6076708734035492,4.64320182800293e-05
benign_benign (308),0.6212584486795438,0.4505981908695303,24.005207061767578,0.4155527651309967,0.49707937240600586,0.00012886524200439453
benign_benign (309),0.8840810895306542,0.7922449214158155,15.231546401977539,0.5109730362892151,0.12534010410308838,4.2498111724853516e-05
benign_benign (31),0.35894857801784874,0.21873085342587612,707.360107421875,0.5051756501197815,0.816746398806572,0.00014656782150268555
benign_benign (310),0.5953828975656467,0.4238755861202667,430.78302001953125,0.3751995861530304,0.5937614142894745,0.00012201070785522461
benign_benign (311),0.5347900938508924,0.36499213635393424,636.5515747070312,0.4745928943157196,0.6767156422138214,0.0003135204315185547
benign_benign (312),0.8691439276472248,0.7685716590262105,12.0,0.4760972857475281,0.2508273720741272,0.00019472837448120117
benign_benign (313),0.7774356718776821,0.6359057384585399,13.0,0.45726433396339417,0.4393467903137207,2.2351741790771484e-05
benign_benign (314),0.4757082463905099,0.3120847733172996,444.3647155761719,0.5064302086830139,0.5406108498573303,0.0006172657012939453
benign_benign (315),0.21142567977006124,0.11820905476651623,740.164306640625,0.46102991700172424,0.7647809535264969,0.00011587142944335938
benign_benign (316),0.7837160321803667,0.6443528426882792,387.0,0.4996890723705292,0.27182716131210327,0.00015121698379516602
benign_benign (317),0.6000341705125158,0.42860629729410205,470.9575500488281,0.46264323592185974,0.5030104219913483,0.00013202428817749023
benign_benign (318),0.8523218142747946,0.742648788580887,4.0,0.46653255820274353,0.6261548399925232,0.00020897388458251953
benign_benign (319),0.9500681842028995,0.9048856029597141,0.0,0.563827633857727,0.1678181290626526,0.0004184246063232422
benign_benign (32),0.7761926223142269,0.6342441110164497,393.9352722167969,0.48566877841949463,0.37911462783813477,5.453824996948242e-05
benign_benign (320),0.9370821001874916,0.8816128699638509,1.4142135381698608,0.5129082202911377,0.30953264236450195,0.0001150965690612793
benign_benign (321),0.7671728127680454,0.6222873901400917,6.0,0.4086700975894928,0.5972625613212585,0.00023883581161499023
benign_benign (322),0.8777024551173643,0.7820586074784052,5.0,0.50081467628479,0.3893316984176636,3.832578659057617e-05
benign_benign (323),0.8096593117847699,0.6801912425624362,408.9798278808594,0.5002081394195557,0.3293488621711731,2.7060508728027344e-05
benign_benign (324),0.895120427577211,0.8101520291732439,4.0,0.46651050448417664,0.5217245221138,7.075071334838867e-05
benign_benign (325),0.8899790436325977,0.801767785136723,4.0,0.4495522081851959,0.48222512006759644,6.103515625e-05
benign_benign (326),0.9459720546706696,0.8974828977381382,1.0,0.47737231850624084,0.10472410917282104,3.999471664428711e-05
benign_benign (327),0.9513163116817077,0.9071527690182588,0.0,0.4949429929256439,0.1514762043952942,7.474422454833984e-05
benign_benign (328),0.8359681988635687,0.7181661171740986,6.0,0.39512500166893005,0.6655124127864838,0.00028777122497558594
benign_benign (329),0.8463920718607625,0.7336912752035314,5.0,0.4675031006336212,0.5777089297771454,3.1948089599609375e-05
benign_benign (33),0.8244735030982485,0.7013653076075342,411.0,0.5119455456733704,0.371829628944397,7.623434066772461e-05
benign_benign (330),0.950457540008808,0.90559227114748,0.0,0.5273715853691101,0.11882525682449341,7.62939453125e-06
benign_benign (331),0.8704725484875588,0.7706519636404212,6.4031243324279785,0.48137199878692627,0.26143527030944824,1.2814998626708984e-05
benign_benign (332),0.6987251521021922,0.5369543207946547,207.27999877929688,0.5287691354751587,0.6725721657276154,3.439188003540039e-05
benign_benign (333),0.8780519426404806,0.7826137198436471,7.280109882354736,0.5123614072799683,0.1547563076019287,0.00018447637557983398
benign_benign (334),0.8270006958982371,0.7050308495607882,10.198039054870605,0.5129586458206177,0.30557674169540405,0.0005180239677429199
benign_benign (335),0.5377076177220106,0.36771552956341325,419.8067932128906,0.4707883894443512,0.49346619844436646,1.4066696166992188e-05
benign_benign (336),0.6370957041852122,0.4674544692147818,414.4828186035156,0.5068719983100891,0.4967823624610901,4.1604042053222656e-05
benign_benign (337),0.8518475616847784,0.7419289749885012,12.0,0.4630359709262848,0.42510437965393066,5.6862831115722656e-05
benign_benign (338),0.9030039638997562,0.823160644334074,3.605551242828369,0.529290497303009,0.665288120508194,0.0002931952476501465
benign_benign (339),0.9355624294204568,0.878926538558457,3.0,0.503546416759491,0.10130095481872559,0.0001329183578491211
benign_benign (34),0.8090399271452728,0.6793174226307762,434.1152038574219,0.43192726373672485,0.40226584672927856,6.41942024230957e-05
benign_benign (340),0.9276177635772284,0.8650066478831315,6.324555397033691,0.5444129109382629,0.08877760171890259,1.1861324310302734e-05
benign_benign (341),0.9305972316331733,0.8702027516300374,5.0,0.4960750341415405,0.12955975532531738,1.1324882507324219e-05
benign_benign (342),0.9026467759365783,0.8225672063863738,16.278820037841797,0.5179985761642456,0.09773403406143188,1.8596649169921875e-05
benign_benign (343),0.9157782251055209,0.8446410562042193,5.830951690673828,0.5492351651191711,0.19969117641448975,4.416704177856445e-05
benign_benign (344),0.5520092179205529,0.3812242624447329,432.07073974609375,0.5168668627738953,0.5940870940685272,0.00014477968215942383
benign_benign (345),0.9153815341520438,0.8439663927759241,2.2360680103302,0.4795651435852051,0.46034306287765503,0.00020003318786621094
benign_benign (346),0.6678662378505201,0.5013507328076953,411.3258972167969,0.4796004295349121,0.2698656916618347,7.95125961303711e-05
benign_benign (347),0.4576462884803134,0.2967194133720129,460.5703125,0.4775761067867279,0.6153469085693359,6.186962127685547e-05
benign_benign (348),0.9012887896932361,0.8203145478492585,4.0,0.41104450821876526,0.4259713292121887,0.0004711747169494629
benign_benign (349),0.1315622115177807,0.0704129472965687,790.3494873046875,0.5040779113769531,0.8740492016077042,0.00016504526138305664
benign_benign (35),0.4059449751579702,0.2546618334066601,458.4408264160156,0.46884530782699585,0.785516619682312,6.014108657836914e-05
benign_benign (350),0.9360948607348119,0.8798668473222977,2.0,0.4930623471736908,0.12008661031723022,0.0001488327980041504
benign_benign (351),0.9434009877799596,0.8928656726639304,1.0,0.4831219017505646,0.1943092942237854,0.0034140944480895996
benign_benign (352),0.8633290619122739,0.7595241797730117,388.0,0.502429723739624,0.5431278347969055,0.0010103583335876465
benign_benign (353),0.13591032724240046,0.07290975818751781,455.7586975097656,0.49949243664741516,0.7416641712188721,9.79304313659668e-05
benign_benign (354),0.9194128135169132,0.8508455634293728,3.605551242828369,0.5076481699943542,0.199324369430542,5.066394805908203e-05
benign_benign (355),0.8409753257336438,0.7255888027291717,376.0,0.5084258317947388,0.27011507749557495,1.329183578491211e-05
benign_benign (356),0.7573670005954062,0.6094856654856974,410.0,0.48977038264274597,0.35360217094421387,8.940696716308594e-05
benign_benign (357),0.8909793645608781,0.8033929541903128,7.0,0.5381298661231995,0.2825462818145752,0.00035637617111206055
benign_benign (358),0.9155181948908803,0.8441987597943008,4.0,0.44648799300193787,0.18136489391326904,0.00018644332885742188
benign_benign (359),0.8027739429221827,0.6705282917849006,7.8102498054504395,0.4803251326084137,0.4552789330482483,0.00011336803436279297
benign_benign (36),0.9527921983409209,0.9098406226843047,0.0,0.49410971999168396,0.0813819169998169,0.00018173456192016602
benign_benign (360),0.8598731648004097,0.7541907954938626,16.124515533447266,0.5109615921974182,0.3437812924385071,1.6093254089355469e-06
benign_benign (361),0.8508026932059052,0.7403451854415538,373.1353759765625,0.5236751437187195,0.23303622007369995,6.753206253051758e-05
benign_benign (362),0.5287539427301509,0.35939191825720507,437.0,0.516767680644989,0.5053413510322571,0.00046366453170776367
benign_benign (363),0.8906946382773445,0.8029300758977749,6.0,0.44341954588890076,0.39316266775131226,0.0012579560279846191
benign_benign (364),0.8213099276163469,0.6967988845091999,375.151611328125,0.48627394437789917,0.4231247305870056,0.0005592703819274902
benign_benign (365),0.7978605168130334,0.6637004507185091,409.1024169921875,0.4912382662296295,0.3380157947540283,0.0005591511726379395
benign_benign (366),0.8493625377218168,0.7381669427327943,17.69180679321289,0.43332037329673767,0.19778954982757568,0.00015014410018920898
benign_benign (367),0.859353806703279,0.7533920787659599,15.264337539672852,0.5054311752319336,0.12187039852142334,0.00020945072174072266
benign_benign (368),0.5652188841276358,0.39394084427601367,436.0,0.45878198742866516,0.66820028424263,2.86102294921875e-06
benign_benign (369),0.7397607318881154,0.587000223386922,424.0,0.48443976044654846,0.6574126482009888,8.445978164672852e-05
benign_benign (37),0.8087715603031016,0.678939096279806,26.0,0.4582248628139496,0.48316454887390137,5.8770179748535156e-05
benign_benign (370),0.8824809132829702,0.7896786048425535,16.401220321655273,0.4305998682975769,0.14689582586288452,0.0001868605613708496
benign_benign (371),0.9067634788840737,0.8294302846368049,8.062257766723633,0.5165665149688721,0.12346643209457397,0.00019228458404541016
benign_benign (372),0.9362048151325993,0.8800611512920555,2.0,0.4841586649417877,0.15510934591293335,0.00017440319061279297
benign_benign (373),0.8557917932242773,0.747933626204994,19.235383987426758,0.5240616202354431,0.27947020530700684,4.3451786041259766e-05
benign_benign (374),0.2564430565763782,0.14708040226373137,700.5637817382812,0.46942391991615295,0.7663033753633499,0.00021451711654663086
benign_benign (375),0.941758497594665,0.8899277673903381,1.4142135381698608,0.5285035371780396,0.12470543384552002,0.00027573108673095703
benign_benign (376),0.9007427384445679,0.8194103145340381,13.0,0.5203584432601929,0.13341748714447021,4.088878631591797e-05
benign_benign (377),0.7261344679626224,0.5700244254268555,418.0006103515625,0.5400396585464478,0.6755678653717041,5.543231964111328e-05
benign_benign (378),0.6733514448052192,0.507558269426101,432.0416564941406,0.45164233446121216,0.5425056517124176,0.00043451786041259766
benign_benign (379),0.6905390038697915,0.5273459888579234,409.0,0.48295071721076965,0.5530461370944977,0.00021648406982421875
benign_benign (38),0.8987073837385441,0.8160477701132283,8.602325439453125,0.5065003633499146,0.43505656719207764,9.548664093017578e-05
benign_benign (380),0.9221682330029338,0.8555771515033163,2.2360680103302,0.4671097695827484,0.3890182375907898,0.00028645992279052734
benign_benign (381),0.9443515346695077,0.8945700824511829,1.0,0.4574931561946869,0.1871991753578186,0.00022673606872558594
benign_benign (382),0.9354432643388626,0.8787162139914841,3.0,0.49999508261680603,0.14997869729995728,2.014636993408203e-05
benign_benign (383),0.9262659443531217,0.8626586252739868,3.605551242828369,0.5074118971824646,0.1482299566268921,0.00023061037063598633
benign_benign (384),0.8153791047194975,0.6883038345596622,25.01999282836914,0.4425865709781647,0.2566489577293396,9.47713851928711e-06
benign_benign (385),0.8005943536425324,0.6674925669038034,375.0,0.4712720811367035,0.34056609869003296,4.45246696472168e-05
benign_benign (386),0.9117347655160792,0.8377872752223565,4.4721360206604,0.4923582077026367,0.21029305458068848,2.9087066650390625e-05
benign_benign (387),0.9479646300754445,0.9010767671661886,1.0,0.49636533856391907,0.12851876020431519,0.0006331801414489746
benign_benign (388),0.9470653837189857,0.8994531750382062,1.0,0.47417762875556946,0.4551531672477722,0.0001245737075805664
benign_benign (389),0.9270499459710425,0.8640196647480789,2.8284270763397217,0.4860113263130188,0.38518649339675903,0.0002548694610595703
benign_benign (39),0.9411199933221782,0.8887881416112596,1.0,0.5289716720581055,0.3419436812400818,5.364418029785156e-05
benign_benign (390),0.9254051358781998,0.8611665352020247,2.2360680103302,0.346195250749588,0.4043963551521301,0.0001996159553527832
benign_benign (391),0.8376558155276753,0.7206607360529227,19.235383987426758,0.5148075819015503,0.2313137650489807,0.00038367509841918945
benign_benign (392),0.9424154977193738,0.8911018416848167,2.0,0.4939565658569336,0.0753515362739563,4.303455352783203e-05
benign_benign (393),0.8706253741906489,0.7708915662658782,16.124515533447266,0.5250745415687561,0.1061699390411377,0.00010788440704345703
benign_benign (394),0.8904992543856928,0.8026125785927929,6.4031243324279785,0.45775994658470154,0.21373170614242554,0.0022726058959960938
benign_benign (395),0.8005667729374043,0.6674542232745554,49.04079818725586,0.5072991847991943,0.3091893792152405,0.0006820559501647949
benign_benign (396),0.22361872628674798,0.1258844199767972,472.0,0.46517810225486755,0.6953840851783752,0.0005442500114440918
benign_benign (397),0.841521084337946,0.7264017264035048,375.7367858886719,0.4938819706439972,0.3261612057685852,0.002316892147064209
benign_benign (398),0.8035228538455038,0.6715739255270136,28.17800521850586,0.4857862591743469,0.18596404790878296,4.6372413635253906e-05
benign_benign (399),0.9227004673700306,0.8564938899750375,5.656854152679443,0.5312952399253845,0.1331038475036621,0.0003170967102050781
benign_benign (4),0.29799477280758174,0.17508452269401284,458.9395446777344,0.40682873129844666,0.5667130053043365,0.00010901689529418945
benign_benign (40),0.9279702653067892,0.8656198939996963,2.0,0.49523937702178955,0.2846330404281616,4.094839096069336e-05
benign_benign (400),0.897015461160073,0.8132620445466782,8.062257766723633,0.5147647261619568,0.0968482494354248,0.00017583370208740234
benign_benign (401),0.881306795063571,0.7878002576359187,14.422204971313477,0.44427037239074707,0.1300228238105774,0.00015908479690551758
benign_benign (402),0.8107937660668036,0.6817940765313804,19.313207626342773,0.47842279076576233,0.3397071957588196,0.0004767179489135742
benign_benign (403),0.9334751064138898,0.8752492436210916,3.605551242828369,0.5285874009132385,0.1457577347755432,0.0003314018249511719
benign_benign (404),0.8217311740378879,0.6974055121650709,27.294687271118164,0.5201983451843262,0.09260791540145874,9.21487808227539e-05
benign_benign (405),0.7836885740556232,0.6443157215659121,88.65276336669922,0.4938686788082123,0.22863465547561646,0.00017976760864257812
benign_benign (406),0.9329153449645219,0.8742655426282876,4.0,0.5504487752914429,0.1283198595046997,0.00015681982040405273
benign_benign (407),0.9157881837197974,0.8446579994506704,9.848857879638672,0.49852028489112854,0.13635212182998657,0.0003733038902282715
benign_benign (408),0.6225631280112437,0.45197216705466625,420.90496826171875,0.43751779198646545,0.40545016527175903,0.0009323954582214355
benign_benign (409),0.8588640986563468,0.7526396265732699,48.82622146606445,0.5068354606628418,0.13675493001937866,0.0031279921531677246
benign_benign (41),0.8495528247661491,0.7384544402004122,32.202484130859375,0.5223841071128845,0.12162357568740845,0.0006111264228820801
benign_benign (410),0.8567339374699542,0.7493740657138764,31.78049659729004,0.46793437004089355,0.2822960615158081,0.0004482269287109375
benign_benign (411),0.793394577949372,0.6575426924590457,42.04759216308594,0.5216092467308044,0.29823362827301025,0.0002930760383605957
benign_benign (412),0.9173121546301494,0.8472545051219028,7.071067810058594,0.5025641918182373,0.12605786323547363,0.00016498565673828125
benign_benign (413),0.2682529962511022,0.15490310979904823,465.0172119140625,0.4506329298019409,0.6576429009437561,0.0006480216979980469
benign_benign (414),0.6846596664612976,0.5205190238636761,374.7603454589844,0.40920647978782654,0.3116423487663269,1.4901161193847656e-06
benign_benign (415),0.8385860089070348,0.7220388382941558,23.706539154052734,0.5140287280082703,0.1043858528137207,7.736682891845703e-05
benign_benign (416),0.3068440252921048,0.18122608305631271,456.3312683105469,0.5081684589385986,0.7219817340373993,0.00012618303298950195
benign_benign (417),0.6405292186319808,0.4711607100492276,412.08868408203125,0.46319305896759033,0.5243436992168427,8.851289749145508e-05
benign_benign (418),0.7818841318661868,0.641879933038941,406.8157653808594,0.5267244577407837,0.47674596309661865,0.0001252889633178711
benign_benign (419),0.6136687103184029,0.4426566109367504,454.6339111328125,0.512116014957428,0.6094933450222015,7.134675979614258e-05
benign_benign (42),0.6548004071042647,0.4867682168254171,413.0,0.4769398868083954,0.44686752557754517,0.00015306472778320312
benign_benign (420),0.883395751797429,0.7911448959827885,15.620499610900879,0.49878108501434326,0.22478759288787842,4.601478576660156e-05
benign_benign (421),0.8806312142831987,0.7867212535500558,10.770329475402832,0.49647513031959534,0.19867587089538574,0.0002357959747314453
benign_benign (422),0.9177339015854712,0.8479743594762065,6.0,0.5111220479011536,0.10677158832550049,4.291534423828125e-05
benign_benign (423),0.6029711091557373,0.43160962032417166,439.3954772949219,0.4233427941799164,0.6003904342651367,9.697675704956055e-05
benign_benign (424),0.7468512564306693,0.5959797352640634,37.57658767700195,0.47676515579223633,0.5244347155094147,0.00017368793487548828
benign_benign (425),0.9075819877668343,0.8308010098769428,3.605551242828369,0.4564663767814636,0.4688282012939453,6.014108657836914e-05
benign_benign (426),0.7266534154315536,0.5706642827949002,439.00390625,0.49333035945892334,0.2764328122138977,5.0902366638183594e-05
benign_benign (427),0.901662657796203,0.8209341730930997,3.605551242828369,0.42872336506843567,0.33349382877349854,0.0002181529998779297
benign_benign (428),0.8684519108824239,0.7674900600658787,10.630146026611328,0.5127161741256714,0.16909641027450562,0.0015328526496887207
benign_benign (429),0.53578674216712,0.3659212476842843,700.7037963867188,0.46226346492767334,0.7123565077781677,9.316205978393555e-05
benign_benign (43),0.8409782486283682,0.7255931544413076,409.75,0.4841737747192383,0.6401139497756958,0.00022280216217041016
benign_benign (430),0.7768327827396636,0.6350994138674655,392.0,0.5033189058303833,0.3714115619659424,0.0001233816146850586
benign_benign (431),0.6384968043623728,0.46896460208111457,704.10400390625,0.4733392894268036,0.6444957256317139,0.0002963542938232422
benign_benign (432),0.959116612710481,0.9214448269834692,0.0,0.5215275287628174,0.1263810396194458,0.00015270709991455078
benign_benign (433),0.7039525567110201,0.5431533856037019,380.0118408203125,0.4665253460407257,0.5359043478965759,0.00017684698104858398
benign_benign (434),0.9233507847469072,0.8576152489279013,6.4031243324279785,0.4951402544975281,0.11544233560562134,1.9252300262451172e-05
benign_benign (435),0.6867475775744654,0.5229364635914687,400.0,0.4597766101360321,0.5294388830661774,0.00032263994216918945
benign_benign (436),0.8975911860923327,0.8142090073749971,11.0,0.3955780565738678,0.1565932035446167,0.002214968204498291
benign_benign (437),0.5969632602000658,0.42547942139447353,398.63580322265625,0.4653633236885071,0.7704929709434509,0.00029408931732177734
benign_benign (44),0.7321486079066619,0.5774719438610136,423.58111572265625,0.4798344075679779,0.4986201524734497,0.00015419721603393555
benign_benign (45),0.9501140425535312,0.9049688071502967,0.0,0.5180361270904541,0.12821179628372192,0.00013822317123413086
benign_benign (46),0.8930952650077356,0.8068402246241102,4.242640495300293,0.4936756193637848,0.48018747568130493,0.0003955960273742676
benign_benign (47),0.8500980088878471,0.7392786650387083,4.4721360206604,0.47940054535865784,0.5791389346122742,0.00010854005813598633
benign_benign (48),0.9433666965382412,0.8928042429178078,1.4142135381698608,0.5068848729133606,0.11298584938049316,6.29425048828125e-05
benign_benign (49),0.9696046686058675,0.9410025832454764,0.0,0.5213153958320618,0.05229455232620239,7.367134094238281e-05
benign_benign (5),0.863282601181975,0.7594522632362531,6.324555397033691,0.5114439725875854,0.4057884216308594,5.14984130859375e-05
benign_benign (50),0.867114513359364,0.7654034971657178,399.0262756347656,0.4714093506336212,0.3421761989593506,0.00010895729064941406
benign_benign (51),0.853987877341776,0.7451822371444091,6.082762718200684,0.507743775844574,0.46621429920196533,0.0002732276916503906
benign_benign (52),0.6799641898055518,0.5151104118325045,453.39007568359375,0.4986456632614136,0.5630155205726624,0.00019943714141845703
benign_benign (53),0.9125357667642994,0.8391409472413056,4.0,0.5077407956123352,0.2499791979789734,2.7179718017578125e-05
benign_benign (54),0.6641556690123103,0.4971804375766388,464.1573791503906,0.4922606945037842,0.3634794354438782,5.97834587097168e-05
benign_benign (55),0.9228458211410518,0.8567444097207625,3.0,0.4869796931743622,0.27167952060699463,0.00010454654693603516
benign_benign (56),0.9225902253218204,0.8563039309705133,4.242640495300293,0.5266851782798767,0.21005582809448242,1.6450881958007812e-05
benign_benign (57),0.8508954190214407,0.7404856208173765,436.0,0.4873112142086029,0.5089952945709229,5.334615707397461e-05
benign_benign (58),0.5829360682404858,0.41136892639999695,440.0,0.46562185883522034,0.5141644775867462,0.00026148557662963867
benign_benign (59),0.8319237777737036,0.7122170299729662,399.7273864746094,0.4963776171207428,0.34287333488464355,0.00011485815048217773
benign_benign (6),0.8622845766213171,0.7579088398611569,392.5621032714844,0.5097340941429138,0.31438690423965454,0.00015038251876831055
benign_benign (60),0.7186113790049555,0.5608067429920519,437.681640625,0.4928230345249176,0.6942419409751892,5.8710575103759766e-05
benign_benign (61),0.8278701274477838,0.7062955623238323,415.0,0.5766836404800415,0.341536283493042,0.00011837482452392578
benign_benign (62),0.9456167490854018,0.8968434848195612,1.4142135381698608,0.5016465187072754,0.08350896835327148,0.00021314620971679688
benign_benign (63),0.8491198213131351,0.73780036971,6.4031243324279785,0.48346319794654846,0.4798719882965088,4.6133995056152344e-05
benign_benign (64),0.8687514801953871,0.7679581144076806,37.48332977294922,0.4998960793018341,0.14397025108337402,7.075071334838867e-05
benign_benign (65),0.9399460846412686,0.8866964887577528,1.4142135381698608,0.5289123058319092,0.3086833953857422,8.040666580200195e-05
benign_benign (66),0.9205154860333562,0.852736166314499,3.0,0.47693172097206116,0.18363946676254272,4.363059997558594e-05
benign_benign (67),0.9187207796485911,0.8496609963062317,8.246211051940918,0.49551597237586975,0.08942288160324097,2.944469451904297e-05
benign_benign (68),0.9586854325381303,0.9206492086968951,0.0,0.5443207621574402,0.07905840873718262,0.0001506209373474121
benign_benign (69),0.8931161574192655,0.8068743286995839,3.1622776985168457,0.47176069021224976,0.4533672332763672,3.4570693969726562e-06
benign_benign (7),0.9016548463434472,0.8209212225827348,3.0,0.4607742726802826,0.5067197978496552,6.645917892456055e-05
benign_benign (70),0.7585089141110645,0.6109660574687061,209.97520446777344,0.5170469880104065,0.673542708158493,2.7477741241455078e-05
benign_benign (71),0.758421885611665,0.6108531367011879,21.13751792907715,0.4527845084667206,0.640723466873169,2.2411346435546875e-05
benign_benign (72),0.9260095579454838,0.8622139654938403,4.4721360206604,0.5352850556373596,0.23679661750793457,0.00013458728790283203
benign_benign (73),0.9466024996709875,0.8986185171082547,1.0,0.5346425175666809,0.08528703451156616,0.00019085407257080078
benign_benign (74),0.9111596811576781,0.8368166253587417,2.2360680103302,0.4371742904186249,0.40429049730300903,0.0003082752227783203
benign_benign (75),0.9389765422831764,0.8849724626308688,1.4142135381698608,0.4840720593929291,0.1947229504585266,4.38690185546875e-05
benign_benign (76),0.8324227125012698,0.7129487027716721,385.0,0.49458685517311096,0.47127383947372437,2.2470951080322266e-05
benign_benign (77),0.9330596272904215,0.8745189995227718,2.0,0.4928547441959381,0.22796761989593506,0.000807344913482666
benign_benign (78),0.7655828758967882,0.6201978739279972,420.0,0.4956911504268646,0.5775950849056244,6.651878356933594e-05
benign_benign (79),0.7961437461797534,0.6613279149037632,371.1347351074219,0.48962220549583435,0.34922122955322266,9.5367431640625e-06
benign_benign (8),0.9235488005894731,0.8579569618220672,2.0,0.5062443614006042,0.45685333013534546,5.5670738220214844e-05
benign_benign (80),0.9679931725511943,0.9379716749978031,0.0,0.5169805884361267,0.06477630138397217,0.00012058019638061523
benign_benign (81),0.8260916911747762,0.7037105751574699,11.401754379272461,0.5009161829948425,0.3813219666481018,0.0003463625907897949
benign_benign (82),0.9147953563266377,0.8429703666137709,4.0,0.5046812295913696,0.17297738790512085,4.64320182800293e-05
benign_benign (83),0.2975059909559205,0.17474715880699546,469.253662109375,0.5042533278465271,0.5664509236812592,5.9604644775390625e-05
benign_benign (84),0.9030210964400184,0.8231891183233104,13.928388595581055,0.47382548451423645,0.17579293251037598,2.8192996978759766e-05
benign_benign (85),0.7653800024878946,0.6199316421504136,401.12841796875,0.49986472725868225,0.3499797582626343,0.00020557641983032227
benign_benign (86),0.443320321857591,0.284785834947813,442.23468017578125,0.4717662036418915,0.7272828221321106,9.113550186157227e-05
benign_benign (87),0.7861157527004003,0.6476035540092728,436.0183410644531,0.5080823302268982,0.3764412999153137,9.614229202270508e-05
benign_benign (88),0.8982185644344579,0.8152420574908372,12.0,0.4612806737422943,0.16966205835342407,5.650520324707031e-05
benign_benign (89),0.5545831597000539,0.3836838925975154,457.65216064453125,0.4934578835964203,0.7242427468299866,0.00022643804550170898
benign_benign (9),0.9667639086989241,0.9356660271921289,0.0,0.4810526669025421,0.09915077686309814,2.7298927307128906e-05
benign_benign (90),0.9173596008751849,0.8473354602567251,2.0,0.43871787190437317,0.6354864239692688,0.00013458728790283203
benign_benign (91),0.8906810035931345,0.8029079160224838,3.1622776985168457,0.46484291553497314,0.6859277486801147,8.881092071533203e-06
benign_benign (92),0.8696889033394313,0.7694243699017316,20.0,0.49015048146247864,0.23449957370758057,0.00011926889419555664
benign_benign (93),0.3667080567400144,0.22452082633353906,145.90750122070312,0.4002569615840912,0.29767340421676636,3.314018249511719e-05
benign_benign (94),0.8069527033243628,0.676379474291434,426.0751037597656,0.4602067768573761,0.4195742607116699,0.0001538991928100586
benign_benign (95),0.5002254689867374,0.3335337803501749,444.40325927734375,0.5261055827140808,0.7306280732154846,4.673004150390625e-05
benign_benign (96),0.9616701737014974,0.9261702296754473,0.0,0.5126662254333496,0.1395358443260193,0.00010633468627929688
benign_benign (97),0.8988970745770151,0.8163606269888272,12.727922439575195,0.515497624874115,0.13311606645584106,0.00017571449279785156
benign_benign (98),0.8965617707296396,0.8125165024622644,16.552946090698242,0.5134127736091614,0.06769102811813354,1.2278556823730469e-05
benign_benign (99),0.9468479075249187,0.8990609374385329,1.0,0.5215868949890137,0.2665426731109619,4.553794860839844e-05
malignant_malignant (1),0.8690073291492846,0.7683580553143542,28.792360305786133,0.5029113292694092,0.07404476404190063,0.00016677379608154297
malignant_malignant (10),0.7248686683072288,0.5684658907650438,387.3719177246094,0.46962499618530273,0.44697022438049316,0.00010162591934204102
malignant_malignant (100),0.7887852983757612,0.6512349109702418,26.925823211669922,0.5193198323249817,0.18381279706954956,0.00016033649444580078
malignant_malignant (101),0.8611412960692038,0.7561441055837574,19.416488647460938,0.49358120560646057,0.09417587518692017,1.430511474609375e-06
malignant_malignant (102),0.900464186659882,0.8189493927670713,10.770329475402832,0.53537517786026,0.13254231214523315,1.7881393432617188e-06
malignant_malignant (103),0.7945208521274179,0.659091327735139,60.4400520324707,0.4877185523509979,0.10736685991287231,0.0002675056457519531
malignant_malignant (104),0.8563773594850788,0.7488286163171383,22.090721130371094,0.5335422158241272,0.12853574752807617,0.00035458803176879883
malignant_malignant (105),0.6819982153250466,0.5174486281145635,376.6248474121094,0.4514271914958954,0.5238359868526459,6.99162483215332e-05
malignant_malignant (106),0.4989769289116604,0.33242455664212295,63.0,0.5237995386123657,0.15545308589935303,3.0994415283203125e-06
malignant_malignant (107),0.7913239224648022,0.6547030566532233,48.0,0.5180526375770569,0.17107868194580078,5.7578086853027344e-05
malignant_malignant (108),0.8947836132589982,0.8096003859461842,13.416407585144043,0.49548473954200745,0.11334490776062012,1.2576580047607422e-05
malignant_malignant (109),0.7410519072631264,0.5886278485512528,43.73785400390625,0.44342148303985596,0.25820326805114746,9.131431579589844e-05
malignant_malignant (11),0.7462676345723444,0.595236794673128,66.0378646850586,0.5022956132888794,0.1520683765411377,7.277727127075195e-05
malignant_malignant (110),0.9071758862832224,0.8301206707457003,5.0,0.5150880217552185,0.1879209280014038,8.13603401184082e-05
malignant_malignant (111),0.859809465286739,0.7540927933623692,37.53664779663086,0.48570653796195984,0.08033829927444458,0.00011974573135375977
malignant_malignant (112),0.5156495778704432,0.3473907307825128,453.850830078125,0.44716566801071167,0.6081074476242065,0.00026154518127441406
malignant_malignant (113),0.7845201443391886,0.6454406798174442,35.0,0.5139819979667664,0.19379198551177979,6.139278411865234e-06
malignant_malignant (114),0.6774282703708749,0.5122053157463847,388.369140625,0.524728000164032,0.2075490951538086,2.09808349609375e-05
malignant_malignant (115),0.6954409020163949,0.5330850117049603,85.14693450927734,0.4153286814689636,0.18341726064682007,0.00028079748153686523
malignant_malignant (116),0.3688437009635644,0.22612406989318523,268.60101318359375,0.45700448751449585,0.4778308868408203,9.018182754516602e-05
malignant_malignant (117),0.6921285186552297,0.5292022408391741,418.15069580078125,0.5178316831588745,0.3248822093009949,0.0015273690223693848
malignant_malignant (118),0.9352922266340381,0.8784497023795715,3.0,0.48869624733924866,0.08312857151031494,7.18235969543457e-05
malignant_malignant (119),0.8606838822411642,0.7554390470093769,29.0,0.48516330122947693,0.0895429253578186,3.826618194580078e-05
malignant_malignant (12),0.8802838781436678,0.7861670123028838,7.6157732009887695,0.5145816206932068,0.1752123236656189,7.277727127075195e-05
malignant_malignant (120),0.8693761860806105,0.7689349679160572,27.20294189453125,0.5357426404953003,0.1514609456062317,8.690357208251953e-05
malignant_malignant (121),0.7971142431037985,0.662668286280865,40.28025436401367,0.4956200122833252,0.611734926700592,5.990266799926758e-05
malignant_malignant (122),0.8552503429184104,0.747106878458841,22.627416610717773,0.5139696002006531,0.10215801000595093,8.082389831542969e-05
malignant_malignant (123),0.6213304914870942,0.45067399231769256,450.0002746582031,0.5136469006538391,0.30669736862182617,0.0001308917999267578
malignant_malignant (124),0.8635331407368855,0.7598401428946917,21.095022201538086,0.5010036826133728,0.09713929891586304,0.00014084577560424805
malignant_malignant (125),0.9201718719490051,0.8521466037480944,5.0,0.48933085799217224,0.22374385595321655,0.0002497434616088867
malignant_malignant (126),0.8893133779710561,0.8006879351331463,9.848857879638672,0.44650977849960327,0.1622055172920227,0.0001838207244873047
malignant_malignant (127),0.8213136384118213,0.6968042264488914,50.2493782043457,0.499457448720932,0.11628669500350952,0.00017690658569335938
malignant_malignant (128),0.816581407361993,0.6900190789990448,44.0,0.4933677315711975,0.07844698429107666,7.50422477722168e-05
malignant_malignant (129),0.8538536908141883,0.7449779177154661,33.60059356689453,0.5062769055366516,0.1057201623916626,0.0005067586898803711
malignant_malignant (13),0.6920985654804291,0.5291672194984065,74.09453582763672,0.4776679575443268,0.27714401483535767,4.947185516357422e-05
malignant_malignant (130),0.8698555068882285,0.7696852147587215,21.931713104248047,0.5262527465820312,0.16505998373031616,0.0001487135887145996
malignant_malignant (131),0.8641005498834861,0.7607192254536018,23.25940704345703,0.5243309736251831,0.26391541957855225,3.8564205169677734e-05
malignant_malignant (132),0.8901626740111761,0.8020659002601039,18.027755737304688,0.5145207643508911,0.07854962348937988,0.00046378374099731445
malignant_malignant (133),0.9249003250523609,0.8602926283068381,8.0,0.5073970556259155,0.10845750570297241,0.00023233890533447266
malignant_malignant (134),0.8617204317103635,0.7570375993017101,17.029386520385742,0.5166608095169067,0.18523967266082764,5.46574592590332e-05
malignant_malignant (135),0.9144901910086138,0.842452259237919,6.324555397033691,0.49389317631721497,0.15035182237625122,0.000156402587890625
malignant_malignant (136),0.48529272046912564,0.320387131580074,503.7072448730469,0.41640719771385193,0.5409800410270691,0.0004832744598388672
malignant_malignant (137),0.7803890333466802,0.6398671828021382,88.09085845947266,0.5109556913375854,0.14526963233947754,2.9742717742919922e-05
malignant_malignant (138),0.8472851231443965,0.7350344305927862,29.96664810180664,0.5322843194007874,0.2145446538925171,5.507469177246094e-05
malignant_malignant (139),0.7956975819719873,0.660712434071432,31.14482307434082,0.5049481987953186,0.19730323553085327,9.369850158691406e-05
malignant_malignant (14),0.6873883860601347,0.523679951298059,421.29443359375,0.49833944439888,0.250041663646698,0.00019657611846923828
malignant_malignant (140),0.7775078993194137,0.6360023912529684,180.0,0.46969908475875854,0.23933887481689453,0.0004895329475402832
malignant_malignant (141),0.7358636201437843,0.5821077787753808,382.7294921875,0.46236202120780945,0.33793336153030396,0.00029408931732177734
malignant_malignant (142),0.9036937083654721,0.8243076914375732,13.416407585144043,0.5140361785888672,0.11957114934921265,0.0003222823143005371
malignant_malignant (143),0.8097535129666779,0.6803242200600897,22.627416610717773,0.5370839238166809,0.31048983335494995,0.0001271963119506836
malignant_malignant (144),0.946097554997113,0.8977088529239671,1.0,0.5171164274215698,0.07726913690567017,0.00016295909881591797
malignant_malignant (145),0.709435884382798,0.5497099104254762,380.0,0.46170762181282043,0.4846336841583252,0.00017684698104858398
malignant_malignant (146),0.8965398983406294,0.8124805754126339,15.231546401977539,0.5289838314056396,0.08947283029556274,9.864568710327148e-05
malignant_malignant (147),0.7757447867094217,0.6336463004535644,42.54409408569336,0.49037137627601624,0.18198013305664062,3.737211227416992e-05
malignant_malignant (148),0.3194073223793315,0.1900563572882321,402.2458190917969,0.4109753966331482,0.8556692451238632,0.0005378127098083496
malignant_malignant (149),0.89742772485334,0.8139400428285445,10.440306663513184,0.4822612702846527,0.23825037479400635,0.0002256631851196289
malignant_malignant (15),0.8875984568399417,0.7979119251478766,17.69180679321289,0.48643794655799866,0.08502531051635742,0.00024688243865966797
malignant_malignant (150),0.9492564935227525,0.9034140945637412,1.0,0.498780220746994,0.09769266843795776,0.0001932978630065918
malignant_malignant (151),0.8070459445704159,0.6765105000465058,50.447994232177734,0.5116977691650391,0.10322022438049316,0.00028008222579956055
malignant_malignant (152),0.7695052928005474,0.6253625377654823,76.32168579101562,0.5290602445602417,0.18293797969818115,0.00036960840225219727
malignant_malignant (153),0.8670496846210144,0.7653024787157365,36.68787384033203,0.46644213795661926,0.08364439010620117,3.5762786865234375e-05
malignant_malignant (154),0.8719574445223026,0.7729827569789567,37.735923767089844,0.5175839066505432,0.16982221603393555,0.0001227259635925293
malignant_malignant (155),0.8957106701296654,0.811119555266792,13.03840446472168,0.5111005306243896,0.11064410209655762,0.00047087669372558594
malignant_malignant (156),0.8486835388219462,0.7371418436542186,38.0,0.5214681029319763,0.10740667581558228,0.0009723901748657227
malignant_malignant (157),0.2155758203549704,0.1208097395367949,487.9395446777344,0.46380606293678284,0.7892345786094666,0.0003127455711364746
malignant_malignant (158),0.8404613006582025,0.7248238468762246,23.600847244262695,0.5236364603042603,0.15914928913116455,4.595518112182617e-05
malignant_malignant (159),0.8965623410977357,0.8125174393541202,11.704699516296387,0.4969419538974762,0.11223185062408447,6.079673767089844e-05
malignant_malignant (16),0.7791433269240232,0.6381939371815248,87.66413116455078,0.5207794308662415,0.13854116201400757,0.00011157989501953125
malignant_malignant (160),0.8529116977545338,0.7435449355428639,28.0,0.5214500427246094,0.12011903524398804,0.000563502311706543
malignant_malignant (161),0.7473379291923488,0.5965997906452243,432.004638671875,0.4692867696285248,0.1843591332435608,0.00018978118896484375
malignant_malignant (162),0.901929262456952,0.8213762844416174,20.124610900878906,0.5097689032554626,0.08177095651626587,0.00025790929794311523
malignant_malignant (163),0.9630664418534419,0.9287638868346837,0.0,0.514876127243042,0.16876041889190674,1.430511474609375e-06
malignant_malignant (164),0.886581392848532,0.7962696035024145,16.278820037841797,0.5108044743537903,0.12805092334747314,4.017353057861328e-05
malignant_malignant (165),0.8984216400294535,0.8155766967441829,19.235383987426758,0.4868132174015045,0.11938595771789551,3.534555435180664e-05
malignant_malignant (166),0.5992948634290615,0.42785226368412205,432.4642333984375,0.5240516066551208,0.6074545085430145,2.6404857635498047e-05
malignant_malignant (167),0.9285988583067716,0.8667144565848732,6.082762718200684,0.5112989544868469,0.13454604148864746,0.0006290078163146973
malignant_malignant (168),0.8477242009668919,0.735695570174148,30.066593170166016,0.5146100521087646,0.10027790069580078,0.0001245737075805664
malignant_malignant (169),0.8578567996292304,0.7510939078170492,5.0,0.41597989201545715,0.5667109489440918,0.00038737058639526367
malignant_malignant (17),0.9308370352015479,0.8706222211670437,3.0,0.5175875425338745,0.13586384057998657,0.00019210577011108398
malignant_malignant (170),0.8922355991961597,0.805438050319187,17.0,0.5178390741348267,0.1142624020576477,0.0009012818336486816
malignant_malignant (171),0.8287967255647962,0.7076454989982707,30.675724029541016,0.48849478363990784,0.23001539707183838,0.0002377033233642578
malignant_malignant (172),0.9173397060022765,0.8473015137704236,5.0,0.5123317837715149,0.12949979305267334,0.00015997886657714844
malignant_malignant (173),0.8624314656597071,0.7581358306132682,18.11077117919922,0.4567945599555969,0.14802056550979614,4.106760025024414e-05
malignant_malignant (174),0.7141864808836041,0.5554355046575313,97.98979187011719,0.5164694786071777,0.21434110403060913,7.003545761108398e-05
malignant_malignant (175),0.8836576253195927,0.7915650658455042,31.38471031188965,0.4976334869861603,0.09439152479171753,0.0003789663314819336
malignant_malignant (176),0.7337605495956204,0.5794800891433635,390.600830078125,0.51268070936203,0.2296125292778015,0.0001455545425415039
malignant_malignant (177),0.6015477451778714,0.430152508323395,362.22332763671875,0.4284422993659973,0.5395678281784058,0.0004597902297973633
malignant_malignant (178),0.6873870934771685,0.5236784508697282,81.05052185058594,0.5048572421073914,0.09853655099868774,0.0003629326820373535
malignant_malignant (179),0.7248893072561278,0.5684912779593783,98.0,0.49685561656951904,0.22553718090057373,0.00015366077423095703
malignant_malignant (18),0.6914451247777615,0.5284036136909905,401.0,0.4859650433063507,0.41492539644241333,0.0001297593116760254
malignant_malignant (180),0.827054763085738,0.7051094433554924,162.0,0.5158559679985046,0.24815469980239868,0.00010716915130615234
malignant_malignant (181),0.6064354963454602,0.43516858728815117,391.0,0.47195878624916077,0.4876808524131775,3.892183303833008e-05
malignant_malignant (182),0.8600155250807211,0.7544098573291407,28.0,0.5056430101394653,0.0977368950843811,0.00022071599960327148
malignant_malignant (183),0.8963074109261742,0.8120987852955832,15.65247631072998,0.5098772048950195,0.07096582651138306,0.0005941390991210938
malignant_malignant (184),0.8605083381983797,0.7551686133785526,47.01063537597656,0.5203579068183899,0.17818725109100342,0.00012105703353881836
malignant_malignant (185),0.9317511259110045,0.8722228953491566,5.0,0.5436040759086609,0.09725052118301392,7.641315460205078e-05
malignant_malignant (186),0.8563339702486021,0.7487622679805442,53.26349639892578,0.4934469163417816,0.09056764841079712,0.0032169222831726074
malignant_malignant (187),0.9151473459441984,0.843568333933161,5.0,0.47213736176490784,0.12325918674468994,0.00018739700317382812
malignant_malignant (188),0.8236736716337315,0.7002084810756759,52.801513671875,0.5019888877868652,0.0751502513885498,1.4662742614746094e-05
malignant_malignant (189),0.816548503749422,0.6899720912477157,401.06109619140625,0.5004153847694397,0.3905988335609436,0.00018280744552612305
malignant_malignant (19),0.8060782845008192,0.6751517072161024,49.72926712036133,0.5187751054763794,0.10255849361419678,8.422136306762695e-05
malignant_malignant (190),0.9070216451510246,0.8298624040703886,8.602325439453125,0.5303662419319153,0.14016640186309814,7.277727127075195e-05
malignant_malignant (191),0.84969290392936,0.7386661412720192,14.21267032623291,0.5252237319946289,0.25804823637008667,4.374980926513672e-05
malignant_malignant (192),0.5082486834613492,0.34070603983033787,451.0971984863281,0.5126329660415649,0.5730661153793335,0.00042891502380371094
malignant_malignant (193),0.8751391835361978,0.7779977493481849,11.401754379272461,0.3496204614639282,0.2514626383781433,0.00010251998901367188
malignant_malignant (194),0.8655681637418953,0.7629970669703132,25.495098114013672,0.5279558300971985,0.10039550065994263,0.00015300512313842773
malignant_malignant (195),0.8772621839156417,0.7813597897465686,20.099750518798828,0.5171439051628113,0.13984721899032593,0.0013905167579650879
malignant_malignant (196),0.892515247069105,0.805893936424886,13.601470947265625,0.5312894582748413,0.13231921195983887,0.0004437565803527832
malignant_malignant (197),0.8543592862073873,0.7457480132494093,18.248287200927734,0.5213152170181274,0.11972397565841675,0.00010037422180175781
malignant_malignant (198),0.2610007281848596,0.15008673805673475,403.0934753417969,0.47058016061782837,0.44288110733032227,8.767843246459961e-05
malignant_malignant (199),0.9018322475576694,0.821215379483875,8.062257766723633,0.43998464941978455,0.13495182991027832,0.0012508034706115723
malignant_malignant (2),0.8367189465025704,0.7192749714158548,42.04759216308594,0.5205495357513428,0.10495376586914062,5.8531761169433594e-05
malignant_malignant (20),0.9063902701583954,0.8288059674543103,9.848857879638672,0.5253086686134338,0.09697937965393066,0.00015652179718017578
malignant_malignant (200),0.5595147119572452,0.38842098326487134,417.0,0.5118158459663391,0.37052732706069946,0.0007858872413635254
malignant_malignant (201),0.8678955522535313,0.7666214490912598,29.0,0.49016210436820984,0.060190677642822266,0.00012731552124023438
malignant_malignant (202),0.8259720251640996,0.7035369197914774,56.35601043701172,0.5067859888076782,0.11270910501480103,0.00030553340911865234
malignant_malignant (203),0.8622970766228805,0.7579281540947291,27.73084831237793,0.4975176155567169,0.10642462968826294,0.00020754337310791016
malignant_malignant (204),0.7272565073462757,0.5714085450415771,66.0984115600586,0.49932435154914856,0.1281096339225769,0.00023365020751953125
malignant_malignant (205),0.8919338068133112,0.8049463220680376,21.931713104248047,0.4862903952598572,0.08280837535858154,4.1425228118896484e-05
malignant_malignant (206),0.8928754898214349,0.8064815489250748,21.21320343017578,0.5125731825828552,0.10169416666030884,0.00044101476669311523
malignant_malignant (207),0.8209426437823976,0.6962703209091142,20.248456954956055,0.5100703239440918,0.1612122654914856,0.00021004676818847656
malignant_malignant (208),0.9419663101838358,0.8902989755908903,2.8284270763397217,0.4913415014743805,0.0986255407333374,0.00014495849609375
malignant_malignant (209),0.6146586049318413,0.4436874600940627,432.76641845703125,0.5076462030410767,0.5151758193969727,0.0008386373519897461
malignant_malignant (21),0.8387838155540628,0.7223321779267509,35.0,0.4747476279735565,0.10477948188781738,0.00011074542999267578
malignant_malignant (210),0.8700708925168508,0.7700225498707024,34.20526123046875,0.5084630846977234,0.08199465274810791,0.0001157522201538086
malignant_malignant (22),0.8388037209846153,0.7223617024476415,28.844409942626953,0.5048947930335999,0.07348489761352539,3.3736228942871094e-05
malignant_malignant (23),0.879848326504045,0.7854724920941996,22.0,0.496965229511261,0.13919323682785034,0.00020170211791992188
malignant_malignant (24),0.8518873385634831,0.7419893248961456,33.0,0.5110594034194946,0.1528896689414978,0.00028508901596069336
malignant_malignant (25),0.8554933514759924,0.7474778347331038,32.015621185302734,0.4938359260559082,0.12164008617401123,0.00035071372985839844
malignant_malignant (26),0.9446167564848542,0.8950461951050631,1.0,0.3927489221096039,0.33090221881866455,0.0002353191375732422
malignant_malignant (27),0.7479917803134692,0.5974336019184586,410.4397888183594,0.48499104380607605,0.39877986907958984,9.500980377197266e-05
malignant_malignant (28),0.8597494480961281,0.7540004665324469,17.804492950439453,0.5202380418777466,0.21181434392929077,0.00014072656631469727
malignant_malignant (29),0.8295468122810147,0.7087398462286228,42.63801193237305,0.5059507489204407,0.11855757236480713,0.0001024007797241211
malignant_malignant (3),0.8060759008883639,0.6751483628568712,28.017850875854492,0.4605972468852997,0.15447616577148438,0.0019255876541137695
malignant_malignant (30),0.8774634415995187,0.7816791667348689,26.419689178466797,0.49239638447761536,0.10150063037872314,7.653236389160156e-05
malignant_malignant (31),0.858175015393609,0.7515819210154321,40.24922180175781,0.49637147784233093,0.10908281803131104,0.00030046701431274414
malignant_malignant (32),0.7770968477183738,0.6354524855622806,57.0,0.5094419121742249,0.08305680751800537,0.00034105777740478516
malignant_malignant (33),0.8149496582252571,0.6876920156871783,51.0,0.4947441518306732,0.07632702589035034,0.0002014636993408203
malignant_malignant (34),0.840524449797751,0.7249177868858071,18.027755737304688,0.4493781626224518,0.19766515493392944,0.00012487173080444336
malignant_malignant (35),0.8580568584684913,0.7514006847296808,30.08321762084961,0.5248867869377136,0.14403462409973145,0.0014708638191223145
malignant_malignant (36),0.6812980486316064,0.5166429365838829,82.3741455078125,0.45208969712257385,0.15650975704193115,3.2961368560791016e-05
malignant_malignant (37),0.7279853592894626,0.5723089467615973,72.56031799316406,0.49459370970726013,0.12769395112991333,3.814697265625e-06
malignant_malignant (38),0.9257467835697056,0.8617584470892781,3.0,0.4559990465641022,0.21464216709136963,0.00017535686492919922
malignant_malignant (39),0.8578268407914413,0.7510479771620984,29.681644439697266,0.49033278226852417,0.11433404684066772,0.00013327598571777344
malignant_malignant (4),0.8205564690342678,0.6957149261434804,24.413110733032227,0.5004887580871582,0.2457846999168396,0.00032275915145874023
malignant_malignant (40),0.8183856863986159,0.6925996723123115,58.694122314453125,0.5224259495735168,0.1221005916595459,0.00033992528915405273
malignant_malignant (41),0.8350284822628122,0.7167801697728046,22.0,0.5129504203796387,0.17002522945404053,9.08970832824707e-05
malignant_malignant (42),0.8312442307779679,0.7112214995374796,31.827661514282227,0.48189103603363037,0.10390347242355347,0.00013637542724609375
malignant_malignant (43),0.35932943499514103,0.2190137634337089,470.95648193359375,0.46769413352012634,0.45546019077301025,0.00016039609909057617
malignant_malignant (44),0.8658734840111947,0.7634716866307217,18.601076126098633,0.3828379213809967,0.24743109941482544,0.00018322467803955078
malignant_malignant (45),0.815673184416947,0.6887230565797885,43.13930892944336,0.5069347620010376,0.11902427673339844,0.00018852949142456055
malignant_malignant (46),0.8119945430730712,0.6834939505886775,20.0,0.3970557451248169,0.19253933429718018,0.00021982192993164062
malignant_malignant (47),0.7702394726697983,0.62633289616382,358.48779296875,0.5110103487968445,0.25564879179000854,0.00010645389556884766
malignant_malignant (48),0.9150587932799128,0.8434178622893294,5.830951690673828,0.5071703791618347,0.27412939071655273,0.0002842545509338379
malignant_malignant (49),0.7748819993906849,0.6324958077576328,21.260292053222656,0.508558988571167,0.1656014323234558,4.100799560546875e-05
malignant_malignant (5),0.7999943497252553,0.6666588191017674,26.0,0.5298846960067749,0.2534528374671936,0.0003414154052734375
malignant_malignant (50),0.670833290748915,0.5047021461509708,94.82615661621094,0.5081249475479126,0.11618691682815552,5.78761100769043e-05
malignant_malignant (51),0.687560318993551,0.5238795572443437,405.3990478515625,0.5245006680488586,0.2803172469139099,0.0002551078796386719
malignant_malignant (52),0.7349211397633889,0.5809291126932505,434.0,0.46832275390625,0.2514348030090332,0.00010967254638671875
malignant_malignant (53),0.5951527546459172,0.4236423259661593,434.26458740234375,0.5060864090919495,0.34386658668518066,6.705522537231445e-05
malignant_malignant (54),0.9070919911802037,0.8299801848474815,6.4031243324279785,0.48459765315055847,0.20743340253829956,0.00016576051712036133
malignant_malignant (55),0.7840865198938842,0.6448538754819962,384.0,0.5091704726219177,0.359109103679657,0.00028401613235473633
malignant_malignant (56),0.9059902611527532,0.8281372907226541,13.601470947265625,0.4950444996356964,0.09394443035125732,2.1457672119140625e-06
malignant_malignant (57),0.8517380816027083,0.7417628922088038,31.62277603149414,0.47330474853515625,0.11885827779769897,0.0004443526268005371
malignant_malignant (58),0.9433059442267965,0.8926954202811433,2.0,0.5138899087905884,0.09694868326187134,3.2186508178710938e-06
malignant_malignant (59),0.920106390278124,0.8520342948555772,8.0,0.48086151480674744,0.07335364818572998,1.7881393432617188e-06
malignant_malignant (6),0.8884043099033561,0.7992153242584379,8.062257766723633,0.5271419882774353,0.14511293172836304,0.0001989603042602539
malignant_malignant (60),0.8563973402616777,0.7488591714698783,22.360679626464844,0.4848341643810272,0.12148332595825195,1.5497207641601562e-06
malignant_malignant (61),0.8106590724191666,0.6816036122395931,18.384777069091797,0.5335351228713989,0.3231654763221741,0.00017583370208740234
malignant_malignant (62),0.8866327040781685,0.7963523873267099,15.81138801574707,0.5173359513282776,0.14043474197387695,0.0001398921012878418
malignant_malignant (63),0.8629203781788637,0.7588917799771244,26.0,0.5160337090492249,0.11368387937545776,0.0003075599670410156
malignant_malignant (64),0.6774694809723858,0.512252436694893,78.10249328613281,0.5210812091827393,0.20671147108078003,1.8477439880371094e-05
malignant_malignant (65),0.8662586512627551,0.7640707928931837,13.0,0.5380295515060425,0.1812889575958252,3.814697265625e-06
malignant_malignant (66),0.8819961552051316,0.7889026136297563,10.770329475402832,0.5556110739707947,0.15830779075622559,4.70280647277832e-05
malignant_malignant (67),0.8009906043839822,0.6680436427902995,27.0,0.4888821244239807,0.12369996309280396,1.1920928955078125e-06
malignant_malignant (68),0.877254256305796,0.7813472117201745,30.0,0.49462762475013733,0.10110306739807129,6.031990051269531e-05
malignant_malignant (69),0.7173701732660361,0.5592963443672566,66.2872543334961,0.519292414188385,0.12592291831970215,1.2636184692382812e-05
malignant_malignant (7),0.865792245094631,0.763345375970501,12.0,0.5257849097251892,0.26077282428741455,0.00032526254653930664
malignant_malignant (70),0.8446917479188519,0.7311397165211002,44.0113639831543,0.49223384261131287,0.11117982864379883,6.67572021484375e-05
malignant_malignant (71),0.8697960447730683,0.7695921083543426,22.0,0.5026911497116089,0.08236223459243774,0.00014144182205200195
malignant_malignant (72),0.9094498857038211,0.8339368120565112,14.317821502685547,0.5033231973648071,0.06071197986602783,8.159875869750977e-05
malignant_malignant (73),0.5923254012922657,0.42078290099300936,437.0,0.5279147028923035,0.5391580164432526,0.00027239322662353516
malignant_malignant (74),0.6441494141814254,0.47508878996204434,446.054931640625,0.4851905405521393,0.5507563650608063,0.00025647878646850586
malignant_malignant (75),0.42227266914081546,0.2676461647608077,115.68383026123047,0.5050503015518188,0.33060210943222046,0.0011664628982543945
malignant_malignant (76),0.7293695259545127,0.5740217481430693,123.13001251220703,0.47854527831077576,0.12479066848754883,1.5139579772949219e-05
malignant_malignant (77),0.8477164867378868,0.7356839501584007,17.262676239013672,0.4916159212589264,0.14231836795806885,0.00018471479415893555
malignant_malignant (78),0.8352132345049808,0.7170524762541344,17.72004508972168,0.4799483120441437,0.15607279539108276,5.7578086853027344e-05
malignant_malignant (79),0.8419608507065613,0.7270573289521937,27.73084831237793,0.4975418150424957,0.208859384059906,0.000501096248626709
malignant_malignant (8),0.8844117814999762,0.7927761936127401,11.180339813232422,0.5350660085678101,0.1708800196647644,0.0004017353057861328
malignant_malignant (80),0.6975172638158668,0.5355289897055303,279.06451416015625,0.5135188102722168,0.3959033489227295,0.0010480284690856934
malignant_malignant (81),0.9179669775317068,0.8483724234575432,5.0,0.518489420413971,0.1470906138420105,0.00020754337310791016
malignant_malignant (82),0.8487249054921675,0.737204261207504,22.627416610717773,0.494585245847702,0.12520134449005127,3.838539123535156e-05
malignant_malignant (83),0.8265504456770196,0.7043766326677996,22.0,0.5086546540260315,0.14084786176681519,3.993511199951172e-05
malignant_malignant (84),0.8864743549785521,0.7960969367368144,17.0,0.5018919706344604,0.11850988864898682,1.341104507446289e-05
malignant_malignant (85),0.9376048970667316,0.8825387979277096,3.1622776985168457,0.5051368474960327,0.07649010419845581,1.9669532775878906e-05
malignant_malignant (86),0.8630155460518516,0.759039002737019,38.0,0.49104687571525574,0.06003493070602417,6.270408630371094e-05
malignant_malignant (87),0.8297593984363927,0.7090502562711357,412.01171875,0.44423720240592957,0.23731988668441772,6.300210952758789e-05
malignant_malignant (88),0.9268678227723487,0.8637033186049278,3.1622776985168457,0.5089054703712463,0.14066600799560547,0.00016951560974121094
malignant_malignant (89),0.7718776318240167,0.6285022175527121,102.59142303466797,0.503734290599823,0.2354574203491211,9.256601333618164e-05
malignant_malignant (9),0.8966093600772904,0.8125946764798498,10.0,0.5409460663795471,0.16543292999267578,0.00020110607147216797
malignant_malignant (90),0.903176043557608,0.8234466782508195,9.219544410705566,0.4891554117202759,0.1336701512336731,0.00010013580322265625
malignant_malignant (91),0.7952252722967175,0.6600613824409048,45.221675872802734,0.5131003856658936,0.14741748571395874,9.042024612426758e-05
malignant_malignant (92),0.829561513506037,0.7087613087578084,26.0,0.45273324847221375,0.17866533994674683,8.147954940795898e-05
malignant_malignant (93),0.9165415780975236,0.8459407020794196,7.211102485656738,0.5375474691390991,0.14122581481933594,0.00013113021850585938
malignant_malignant (94),0.7538719604719261,0.6049715089937013,95.21029663085938,0.5435119271278381,0.1523367166519165,0.00020951032638549805
malignant_malignant (95),0.875381155019322,0.7783803009588051,14.866068840026855,0.46609798073768616,0.1180490255355835,1.0788440704345703e-05
malignant_malignant (96),0.8589170351280693,0.7527209340339087,29.73213768005371,0.5051185488700867,0.1694050431251526,5.716085433959961e-05
malignant_malignant (97),0.7747640146413441,0.6323386057058747,34.058773040771484,0.5020763874053955,0.12773782014846802,0.00011932849884033203
malignant_malignant (98),0.7827228144523436,0.6430111594544541,26.4007568359375,0.5370012521743774,0.24521863460540771,6.496906280517578e-06
malignant_malignant (99),0.8088905243804313,0.6791067831628489,26.305892944335938,0.5056045651435852,0.24712693691253662,0.00010210275650024414
